Taille du chemin de la solution : 25.
Chemin de la solution (de l'état initial à l'état souhaité) :
7	2	4
5	*	6
8	3	1

7	2	4
5	3	6
8	*	1

7	2	4
5	3	6
8	1	*

7	2	4
5	3	*
8	1	6

7	2	4
5	*	3
8	1	6

7	2	4
5	1	3
8	*	6

7	2	4
5	1	3
8	6	*

7	2	4
5	1	*
8	6	3

7	2	*
5	1	4
8	6	3

7	*	2
5	1	4
8	6	3

7	1	2
5	*	4
8	6	3

7	1	2
*	5	4
8	6	3

*	1	2
7	5	4
8	6	3

1	*	2
7	5	4
8	6	3

1	5	2
7	*	4
8	6	3

1	5	2
7	4	*
8	6	3

1	5	2
7	4	3
8	6	*

1	5	2
7	4	3
8	*	6

1	5	2
7	4	3
*	8	6

1	5	2
*	4	3
7	8	6

1	5	2
4	*	3
7	8	6

1	*	2
4	5	3
7	8	6

1	2	*
4	5	3
7	8	6

1	2	3
4	5	*
7	8	6

1	2	3
4	5	6
7	8	*

